==========================================================================
CCM Parameter Tuning Summary — DellStore2
Generated : 2026-06-01 19:27:09
Runs: 27   Completed: 27   Failed: 0
==========================================================================

  theta_A  theta_T    Res  Domains   Edges        Q  Flag
  --------------------------------------------------------------
     0.65     0.75    1.2        4      13   0.4157  ◀ BEST
      0.6     0.75    1.2        4      13   0.4157  ✓ Q>0.3
      0.7     0.75    1.2        4      13   0.4157  ✓ Q>0.3
     0.65     0.75    1.5        5      13   0.3661  ✓ Q>0.3
      0.6     0.75    1.5        5      13   0.3661  ✓ Q>0.3
      0.7     0.75    1.5        5      13   0.3661  ✓ Q>0.3
     0.65      0.7    1.2        4      17   0.3406  ✓ Q>0.3
      0.6      0.7    1.2        4      17   0.3406  ✓ Q>0.3
      0.7      0.7    1.2        4      17   0.3406  ✓ Q>0.3
     0.65     0.75    2.0        6      13   0.2686
      0.6     0.75    2.0        6      13   0.2686
      0.7     0.75    2.0        6      13   0.2686
     0.65      0.7    1.5        5      17   0.2169
      0.6      0.7    1.5        5      17   0.2169
      0.7      0.7    1.5        5      17   0.2169
     0.65     0.65    1.2        3      33   0.1650
      0.6     0.65    1.2        3      33   0.1650
      0.7     0.65    1.2        3      33   0.1650
     0.65     0.65    1.5        4      33   0.1045
      0.6     0.65    1.5        4      33   0.1045
      0.7     0.65    1.5        4      33   0.1045
     0.65      0.7    2.0        9      17   0.0735
      0.6      0.7    2.0        9      17   0.0735
      0.7      0.7    2.0        9      17   0.0735
     0.65     0.65    2.0        9      33  -0.0061
      0.6     0.65    2.0        9      33  -0.0061
      0.7     0.65    2.0        9      33  -0.0061

==========================================================================
