==============================================================================
CCM Parameter Tuning Summary — WideWorldImporters
Generated : 2026-05-17 09:50:52
Total runs: 27   Completed: 27   Skipped: 0   Failed: 0
==============================================================================

  theta_A  theta_T    Res  Domains   Edges        Q     Time  Flag
  ------------------------------------------------------------------
      0.6     0.65    1.2        6     117   0.2323  1356.9s  ◀ BEST
     0.65     0.65    1.2        6     117   0.2323  1365.7s
      0.7     0.65    1.2        6     117   0.2323  1338.8s
      0.6     0.75    1.2       11      85   0.1734  1828.2s
     0.65     0.75    1.2       11      85   0.1734  1815.6s
      0.7     0.75    1.2       11      85   0.1734  1832.0s
      0.6     0.75    1.5       12      85   0.1598  1927.2s
     0.65     0.75    1.5       12      85   0.1598  1924.9s
      0.7     0.75    1.5       12      85   0.1598  1921.3s
      0.6      0.7    1.2        7     106   0.1562  1439.8s
     0.65      0.7    1.2        7     106   0.1562  1428.7s
      0.7      0.7    1.2        7     106   0.1562  1428.0s
      0.6     0.65    1.5       12     117   0.1300  1928.5s
     0.65     0.65    1.5       12     117   0.1300  1927.6s
      0.7     0.65    1.5       12     117   0.1300  1904.4s
      0.6     0.65    2.0       16     117   0.1095  2334.2s
     0.65     0.65    2.0       16     117   0.1095  2342.3s
      0.7     0.65    2.0       16     117   0.1095  2304.7s
      0.6     0.75    2.0       17      85   0.0961  2440.8s
     0.65     0.75    2.0       17      85   0.0961  2409.6s
      0.7     0.75    2.0       17      85   0.0961  2407.1s
      0.6      0.7    1.5       14     106   0.0957  2120.9s
     0.65      0.7    1.5       14     106   0.0957  2112.8s
      0.7      0.7    1.5       14     106   0.0957  2105.9s
      0.6      0.7    2.0       17     106   0.0800  2420.0s
     0.65      0.7    2.0       17     106   0.0800  2403.2s
      0.7      0.7    2.0       17     106   0.0800  2439.1s

Best run : tA0.6_tT0.65_r1.2
  Q          = 0.2323
  Domains    = 6
  Edges G_T  = 117
  theta_A    = 0.6
  theta_T    = 0.65
  resolution = 1.2
==============================================================================